:SA,  -7.06,  -5.60,239.15
:TS,22040716002647,35.0,+15.8,   0.0,1509.0,  0
:RA,  0.33,   5.60,   0.00,   5.60,   0.00
:WI,-32768,-32768,-32768,-32768,V
:BI,-32768,-32768,-32768,-32768,V
:WS,-32768,-32768,-32768,V
:BS,-32768,-32768,-32768,V
:WE,-32768,-32768,-32768,V
:BE,-32768,-32768,-32768,V
:WD,       +0.00,       +0.00,       +0.00,   8.00,  0.00
:BD,       +0.00,       +0.00,       +0.00,   0.56,  0.00
:SA,  -7.08,  -5.57,239.23
:TS,22040716002747,35.0,+15.8,   0.0,1509.0,  0
:RA, -0.54,   5.40,   6.20,   5.40,   6.70
:WI,-32768,-32768,-32768,-32768,V
:BI,    +1,    +0,    +0,    -1,A
:WS,-32768,-32768,-32768,V
:BS,    +1,    +0,    +0,A
:WE,-32768,-32768,-32768,V
:BE,    -1,    +1,    +0,A
:WD,       +0.00,       +0.00,       +0.00,   8.00,  0.00
:BD,       +0.00,       +0.00,       +0.00,   0.59,  0.00
:SA,  -7.06,  -5.59,239.25
:TS,22040716002847,35.0,+15.8,   0.0,1509.0,  0
:RA, -0.68,   5.40,   6.20,   5.40,   6.70
:WI,-32768,-32768,-32768,-32768,V
:BI,    +0,    +0,    +0,    +0,A
:WS,-32768,-32768,-32768,V
:BS,    +0,    +0,    +0,A
:WE,-32768,-32768,-32768,V
:BE,    +0,    +0,    +0,A
:WD,       +0.00,       +0.00,       +0.00,   8.00,  0.00
:BD,       -0.00,       +0.00,       +0.00,   0.59,  1.00
:SA,  -7.09,  -5.58,239.22
:TS,22040716002947,35.0,+15.9,   0.0,1509.0,  0
:RA,  0.74,   5.40,   6.20,   5.40,   6.70
:WI,-32768,-32768,-32768,-32768,V
:BI,    +1,    +0,    +0,    +1,A
:WS,-32768,-32768,-32768,V
:BS,    +1,    +0,    +0,A
:WE,-32768,-32768,-32768,V
:BE,    -1,    +1,    +0,A
:WD,       +0.00,       +0.00,       +0.00,   8.00,  0.00
:BD,       -0.00,       +0.00,       +0.00,   0.59,  1.00
:SA,  -7.08,  -5.57,239.19
:TS,22040716003047,35.0,+15.8,   0.0,1509.0,  0
:RA,  0.56,   5.40,   6.20,   5.40,   6.70
:WI,-32768,-32768,-32768,-32768,V
:BI,    +0,    +0,    +0,    +0,A
:WS,-32768,-32768,-32768,V
:BS,    +0,    +0,    +0,A
:WE,-32768,-32768,-32768,V
:BE,    +0,    +0,    +0,A
:WD,       +0.00,       +0.00,       +0.00,   8.00,  0.00
:BD,       -0.00,       +0.00,       +0.00,   0.59,  1.00
:SA,  -7.10,  -5.57,239.20
:TS,22040716003147,35.0,+15.8,   0.0,1509.0,  0
:RA,  0.01,   5.40,   6.20,   5.40,   6.70
:WI,-32768,-32768,-32768,-32768,V
:BI,    +0,    +0,    +0,    +0,A
:WS,-32768,-32768,-32768,V
:BS,    +0,    +0,    +0,A
:WE,-32768,-32768,-32768,V
:BE,    +0,    +0,    +0,A
:WD,       +0.00,       +0.00,       +0.00,   8.00,  0.00
:BD,       -0.00,       +0.00,       +0.00,   0.59,  1.00
:SA,  -7.07,  -5.59,239.16
:TS,22040716003247,35.0,+15.8,   0.0,1509.0,  0
:RA,  0.34,   5.40,   6.20,   5.40,   6.70
:WI,-32768,-32768,-32768,-32768,V
:BI,    +0,    +0,    +0,    +0,A
:WS,-32768,-32768,-32768,V
:BS,    +0,    +0,    +0,A
:WE,-32768,-32768,-32768,V
:BE,    +0,    +0,    +0,A
:WD,       +0.00,       +0.00,       +0.00,   8.00,  0.00
:BD,       -0.00,       +0.00,       +0.00,   0.59,  1.00
:SA,  -7.10,  -5.58,239.18
:TS,22040716003347,35.0,+15.9,   0.0,1509.0,  0
:RA,  0.36,   5.40,   6.20,   5.40,   6.70
:WI,-32768,-32768,-32768,-32768,V
:BI,    +0,    +1,    +0,    -1,A
:WS,-32768,-32768,-32768,V
:BS,    +0,    +1,    +0,A
:WE,-32768,-32768,-32768,V
:BE,    -1,    -1,    +0,A
:WD,       +0.00,       +0.00,       +0.00,   8.00,  0.00
:BD,       -0.00,       +0.00,       +0.00,   0.59,  1.00
:SA,  -7.10,  -5.59,239.26
:TS,22040716003447,35.0,+15.8,   0.0,1509.0,  0
:RA,  0.43,   5.40,   6.20,   5.40,   6.70
:WI,-32768,-32768,-32768,-32768,V
:BI,    -1,    -1,    +1,    +0,A
:WS,-32768,-32768,-32768,V
:BS,    -1,    -1,    +1,A
:WE,-32768,-32768,-32768,V
:BE,    +1,    +0,    +1,A
:WD,       +0.00,       +0.00,       +0.00,   8.00,  0.00
:BD,       -0.00,       +0.00,       +0.00,   0.59,  1.00
:SA,  -7.07,  -5.59,239.25
:TS,22040716003547,35.0,+15.8,   0.0,1509.0,  0
:RA,  0.15,   5.40,   6.20,   5.40,   6.70
:WI,-32768,-32768,-32768,-32768,V
:BI,    +0,    +0,    +0,    +0,A
:WS,-32768,-32768,-32768,V
:BS,    +0,    +0,    +0,A
:WE,-32768,-32768,-32768,V
:BE,    +0,    +0,    +0,A
:WD,       +0.00,       +0.00,       +0.00,   8.00,  0.00
:BD,       -0.00,       +0.00,       +0.00,   0.59,  1.00
:SA,  -7.11,  -5.57,239.21
:TS,22040716003647,35.0,+15.8,   0.0,1509.0,  0
:RA, -0.34,   5.40,   6.20,   5.40,   6.70
:WI,-32768,-32768,-32768,-32768,V
:BI,    +2,    +1,    +0,    -1,A
:WS,-32768,-32768,-32768,V
:BS,    +2,    +1,    +0,A
:WE,-32768,-32768,-32768,V
:BE,    -2,    +1,    +0,A
:WD,       +0.00,       +0.00,       +0.00,   8.00,  0.00
:BD,       -0.00,       +0.00,       +0.00,   0.59,  1.00
:SA,  -7.06,  -5.60,239.19
:TS,22040716003747,35.0,+15.8,   0.0,1509.0,  0
:RA, -0.06,   5.40,   6.20,   5.40,   6.70
:WI,-32768,-32768,-32768,-32768,V
:BI,    -1,    -2,    +0,    +1,A
:WS,-32768,-32768,-32768,V
:BS,    -1,    -2,    +0,A
:WE,-32768,-32768,-32768,V
:BE,    +2,    +0,    +0,A
:WD,       +0.00,       +0.00,       +0.00,   8.00,  0.00
:BD,       -0.00,       +0.00,       +0.00,   0.59,  1.00
:SA,  -7.10,  -5.58,239.29
:TS,22040716003847,35.0,+15.8,   0.0,1509.0,  0
:RA, -0.26,   5.40,   6.20,   5.40,   6.70
:WI,-32768,-32768,-32768,-32768,V
:BI,    +2,    +1,    +0,    -1,A
:WS,-32768,-32768,-32768,V
:BS,    +2,    +1,    +0,A
:WE,-32768,-32768,-32768,V
:BE,    -2,    +1,    +0,A
:WD,       +0.00,       +0.00,       +0.00,   8.00,  0.00
:BD,       -0.00,       +0.00,       +0.00,   0.59,  1.00
